30 40
19992.0 18388.0 16825.0 15345.0 13984.0 12780.0 11762.0 10957.0 10387.0 10065.0 10000.0 10194.0 10642.0 11332.0 12246.0 13361.0 14647.0 16072.0 17599.0 19187.0 20797.0 22385.0 23912.0 25337.0 26623.0 27738.0 28652.0 29342.0 29790.0 29984.0 29919.0 29597.0 29026.0 28222.0 27204.0 25999.0 24639.0 23159.0 21596.0 19992.0 
28000.0 5000.0 1000.0 1000.0 1000.0 10000.0 34000.0 21000.0 22000.0 33000.0 5000.0 11000.0 23000.0 38000.0 22000.0 1000.0 31000.0 9000.0 32000.0 15000.0 34000.0 29000.0 22000.0 5000.0 2000.0 5000.0 2000.0 4000.0 9000.0 28000.0 
0.7941330835237758 1.2618949839784557 0.6885844432081292 3.7253447282354797 6.335448748091665 0.467892860030544 1.462222799520885 0.28233404181578814 1.0067819300246164 0.2048516286846296 3.748732220300403 1.64840743160297 1.0190403030145119 0.47291205893200616 3.740467021215442 19.435508911176782 0.16110099702981434 3.8469288996096944 5.253532739925646 1.498820346803363 0.31041155424782685 2.454266837622031 0.8733090674675665 0.6676971157592698 0.4818809748040002 2.118138201460738 3.6429976243746856 0.6882998347378317 1.8807816245623445 0.3300117220103942 
25000.0 12000.0 12000.0 11000.0 17000.0 10000.0 27000.0 11000.0 14000.0 12000.0 23000.0 10000.0 12000.0 12000.0 19000.0 11000.0 13000.0 11000.0 13000.0 15000.0 11000.0 19000.0 17000.0 15000.0 17000.0 12000.0 13000.0 11000.0 12000.0 15000.0 
0.21606520719473574 0.20892431604723322 0.25419370947213615 0.17947748055232324 0.2161027132110738 0.10040433849488932 0.07767859044657967 0.25781395977621663 0.12319408711104479 0.27765717124979533 0.19092210166693824 0.17890869638086396 0.03302106121807756 0.2732395929085287 0.1294736165462964 0.16644626711508453 0.11745170660417752 0.0682105194935371 0.259970347401776 0.1650908085171598 0.0008260093332453218 0.17759908647404676 0.0940003472049696 0.15167432383186194 0.25495228759705874 0.10281342615138292 0.2614540106735447 0.17938766838321157 0.004552963517024582 0.26746911463537026 0.19882309436669746 0.28700492096857727 0.04959534814122038 0.039464286781743046 0.2683779751396124 0.20052708235587305 0.018993222051849033 0.21740363575215135 0.21694697538662122 0.26562369824039656 
0.09762702569991534 0.09440048139586547 0.1148550297828686 0.08109520655329565 0.09764397243959859 0.045366753221813404 0.03509833834110334 0.11649080573247833 0.05566408615537897 0.1254567736532363 0.08626635064534424 0.08083820679083636 0.014920255019449885 0.12346073255132242 0.058501432295084616 0.07520717568679998 0.05306944569196852 0.030820279794508104 0.11746514913960412 0.07459472450554384 0.000373224525374096 0.08024647190816055 0.04247317016714073 0.06853261245992612 0.11519778615284937 0.0464552767541648 0.1181355283933654 0.08105462577189235 0.0020572136164742284 0.12085339637726317 0.08983633966564508 0.1296804661851366 0.022409190218281187 0.0178315657106126 0.12126405642270638 0.09060627056461515 0.008581908218609486 0.098231782018014 0.09802544433958546 0.12001956238724566 
0.014540946369947067 0.014060372396202746 0.017106951854959706 0.01207863335892117 0.014543470482825779 0.006757099490101378 0.005227682107831369 0.017350590644382997 0.008290824038882713 0.018686016544698227 0.012848843537656673 0.01204035482143406 0.0022222804239742646 0.018388718471679447 0.008713429334441481 0.011201647294452952 0.00790436826439548 0.004590491540490455 0.017495713115618337 0.011110426449435813 5.5589502686430655e-05 0.011952219541960686 0.006326118051167512 0.010207512061621847 0.017158003312874318 0.0069192283902995595 0.017595561991547746 0.01207258910056335 0.00030640934366499447 0.01800037174900088 0.013380571494268379 0.019315109627778413 0.0033377113644695593 0.0026559022855740834 0.01806153704267094 0.01349524797683276 0.0012782225645405145 0.01463102111231799 0.014600288381349096 0.01787617729317927 
0.5096779341701525 0.49283322929866086 0.5996195611727478 0.42337085505639227 0.5097664074101264 0.23684459191837307 0.18323664426165268 0.6081593983826304 0.2906035110231525 0.6549677076077238 0.4503676627460257 0.4220291455546085 0.07789364370251076 0.6445470469551167 0.3054163429069788 0.3926314221293866 0.27705776401483745 0.1609023364544087 0.6132461182878607 0.38943402007186423 0.0019484799799085746 0.4189398963388671 0.22173816597655924 0.35778576773633175 0.6014089771395155 0.24252740793460387 0.6167459433692661 0.42315899641700055 0.010740021819513472 0.6309350199026242 0.46900537720912894 0.6770181886993619 0.11699086082973283 0.09309261968443068 0.6330789381681573 0.47302492801719137 0.04480326242390614 0.5128351639297921 0.5117579441647838 0.6265818525042923 
0.15889295085674662 0.1536415858595545 0.18693240393326185 0.13198657418077725 0.158920532537704 0.07383669878831513 0.05712433119010032 0.18959471250725143 0.0905961319886857 0.20418728141942097 0.14040287425957546 0.13156829399315628 0.02428347407471652 0.20093862298247014 0.0952140571739269 0.12240350440674934 0.08637322263865763 0.05016157327001517 0.19118050596962638 0.12140670895233684 0.0006074419019082157 0.13060521536857297 0.06912724516305306 0.11154031320334432 0.18749025736227642 0.07560832621312227 0.19227158230898642 0.13192052689459785 0.0033482198163961173 0.1966950507174987 0.1462132130043548 0.21106155588485545 0.036472097091614336 0.029021780330215196 0.19736342083275762 0.14746631471073246 0.013967492208848574 0.15987722252991346 0.159541397461359 0.1953379434795318 
0.19937564580404146 0.1927863397207788 0.23455898172284176 0.1656140711269203 0.19941025473680776 0.09264878917272465 0.07167844992959052 0.2378995924195829 0.11367818537700376 0.25621005134879504 0.176174673434595 0.16508922164754253 0.030470409794184604 0.2521337007594742 0.11947266405662933 0.15358942991609295 0.1083793645401194 0.06294172278462266 0.23988941383058984 0.15233867123619907 0.0007622057544300644 0.16388077016054434 0.08673946246654911 0.13995851834957335 0.23525896486919323 0.09487179126338081 0.24125847424899405 0.16553119633439733 0.004201278185019751 0.24680895251681878 0.18346536841718766 0.264835751252977 0.04576444626561327 0.0364159401944545 0.24764760975521324 0.18503773497353943 0.017526125384333624 0.20061068989772934 0.2001893034261508 0.24510608193296932 
0.36907907756455516 0.3568811232898822 0.43420956586560655 0.30658051717766693 0.36914314473248516 0.17150906023371992 0.13268930653281508 0.44039361863435506 0.2104381386651116 0.47428947017692247 0.3261300330802942 0.30560892929426325 0.05640604043938689 0.4667434346053815 0.22116472885329164 0.28432081003921894 0.20062909755193928 0.11651610151274346 0.4440771249519444 0.28200543767781827 0.0014109757268745689 0.3033718749223307 0.16056986632692508 0.2590876164510726 0.4355053566976526 0.17562422463975705 0.4466114944548846 0.30642710148913394 0.007777298329823124 0.456886397344199 0.3396263804808416 0.4902571444189066 0.08471796815929267 0.06741225369534491 0.45843889809568844 0.3425371050875072 0.03244391341803226 0.37136535948736277 0.3705852996681146 0.45373408703185175 
0.04006524472805311 0.03874110024817293 0.04713546114416195 0.03328073628727403 0.04007219951611394 0.018618103515067163 0.014404039302669595 0.04780676873825814 0.0228440354337316 0.05148632054672169 0.03540292685988032 0.03317526591875505 0.006123137158727769 0.0506671634059393 0.024008456521545218 0.030864341892984044 0.021779218551289805 0.012648362927183887 0.04820663042384971 0.030612997490293368 0.00015316795570099594 0.03293242329686256 0.01743060330807777 0.028125161761044442 0.04727612524559211 0.019064823687101874 0.04848174798141122 0.03326408230312852 0.0008442617852076449 0.04959713631914585 0.03686801793224862 0.05321968560351234 0.009196528152078163 0.007317912626735629 0.04976566747230511 0.0371839905809058 0.0035219371946161575 0.04031343122878638 0.040228752119455854 0.04925493842227138 
0.431054446826952 0.4168082249414268 0.5071215779995892 0.35806119412668513 0.43112927208611884 0.20030868065645246 0.15497035487564403 0.5143440503840211 0.24577468886113454 0.5539316575516321 0.380893444111562 0.35692645823109354 0.06587768323184305 0.5451184996492903 0.25830247675530643 0.33206366045338886 0.23431852391447278 0.13608136233412976 0.5186460871957239 0.32935949320818 0.0016479052821079868 0.3543137600495052 0.18753258885156965 0.3025933356233032 0.5086349566608691 0.20511485912734134 0.5216060253513999 0.3578820170376138 0.009083254058972534 0.5336062790920887 0.39665608392662927 0.5725806068036731 0.09894371998049632 0.07873204820428352 0.5354194741316115 0.4000555743379284 0.037891861125249796 0.4337246387978147 0.43281359215681636 0.5299246361583245 
0.11016558991520226 0.10652464977496098 0.12960624396825005 0.09151053414963084 0.11018471318113154 0.051193356505408835 0.03960613488601204 0.13145210807366456 0.0628132102195477 0.14156960513013728 0.09734582550827704 0.09122052705132572 0.016836513087629377 0.13931720581846266 0.0660149661783443 0.08486628385934492 0.059885331435776505 0.034778631025287075 0.1325515896511935 0.08417517353212121 0.00042115899479558064 0.09055279368593812 0.04792814093726801 0.07733448423681977 0.12999302168093166 0.0524216827421076 0.1333080679462973 0.09146474144325202 0.0023214284161139466 0.13637500077162046 0.10137432011407531 0.14633576056774614 0.025287277188052938 0.020121733111685216 0.13683840325506716 0.10224313580389972 0.009684111287045554 0.11084801710235298 0.11061517878834264 0.1354340747038328 
0.4424577295521362 0.4278346325476505 0.5205371703279811 0.36753348483056186 0.44253453426793904 0.20560772474391817 0.1590700011817603 0.527950708818286 0.25227650849066924 0.5685855820105694 0.39096974807581963 0.3663687301883105 0.0676204371987785 0.559539277386272 0.26513571137969844 0.34084820224569223 0.24051727768122663 0.1396813118526816 0.5323665533923705 0.3380724979038119 0.0016914996121851467 0.36368691466839165 0.19249364921552567 0.31059825793014656 0.5220905844995587 0.21054104773758064 0.5354047949082986 0.36734956772078176 0.009323546010167095 0.5477225080492706 0.40714937892213493 0.5877278778512236 0.10156121580062878 0.08081485656368016 0.5495836700586827 0.41063880078076503 0.03889426722168453 0.4451985598244905 0.4442634119997563 0.543943469495125 
0.5253870459744224 0.5080231596073319 0.6181008217786765 0.4364198407998675 0.5254782461050957 0.2441445315964371 0.18888429886540206 0.6269038708102338 0.29956038896374637 0.6751548890750722 0.4642487344832674 0.43503677760556675 0.08029445385285994 0.6644130465303498 0.31482977667744144 0.4047329680166781 0.28559713976442036 0.16586161097557472 0.6321473717851378 0.4014370167714484 0.0020085353360475493 0.43185231265049695 0.22857250077324015 0.36881331327152894 0.6199453904872085 0.2500025013444209 0.6357550672290079 0.43620145232892965 0.011071046947799113 0.6503814744269253 0.48346089394515923 0.6978850022433284 0.12059671148490071 0.09596188726054453 0.6525914717778465 0.48760433391697294 0.04618417262508864 0.5286415867455083 0.5275311652964721 0.6458941352530889 
0.07683392773145714 0.07429458916099073 0.09039262432368599 0.06382313908482527 0.07684726506876484 0.03570431254527797 0.02762291662847314 0.09168000443381545 0.043808467401703306 0.09873635513514259 0.06789290673992815 0.0636208764323043 0.011742463602476803 0.0971654409679439 0.04604150120237825 0.05918917082825357 0.04176644659419072 0.0242560206399546 0.09244682725149339 0.0587071625988487 0.0002937332772827223 0.0631551722393747 0.033427019452368735 0.053936189853610275 0.09066237870749307 0.03656099682731023 0.0929744257393802 0.0637912014036015 0.0016190578500486627 0.09511342844648227 0.07070254143299991 0.10206046425789142 0.01763636748541635 0.014033708610146935 0.0954366240373299 0.07130848855292464 0.006754089978050116 0.07730987998859915 0.07714748915308003 0.0944571886392186 
0.3108782470309285 0.30060381297929767 0.3657381761412633 0.2582352117680205 0.3109322113168201 0.14446344763624513 0.11176525986482139 0.3709470530491098 0.1772537204990134 0.39949779880990366 0.2747019247397115 0.2574168355543859 0.047511257179527235 0.393141712938026 0.18628881286004625 0.23948568312964305 0.16899148703284259 0.09814244044441614 0.374049699762372 0.2375354265459162 0.0011884760942517361 0.255532546837051 0.13524927746947113 0.21823156316858147 0.3668296310810648 0.14792968339589513 0.37618441938289804 0.25810598851149535 0.00655088033536414 0.3848390519340601 0.28607000566396473 0.4129474980187154 0.07135861942425156 0.05678187827796198 0.38614673568390045 0.2885217321863161 0.02732776671269571 0.3128040005065007 0.3121469499069724 0.3821838358473974 
0.5213640428416464 0.5041331155373787 0.6133678890551924 0.4330780789498257 0.5214545446330398 0.24227506370036261 0.18743797061675183 0.6221035312214619 0.29726658976848525 0.6699850809218839 0.4606938807282618 0.43170560617187825 0.0796796217174473 0.65932549100699 0.312419056452097 0.40163383945851394 0.2834102602119312 0.16459157246648956 0.6273068815664438 0.39836312603040713 0.001993155543166999 0.4285455253591063 0.22682227131150737 0.3659892293393699 0.6151983334990514 0.2480881776970895 0.6308869520999093 0.43286136272701325 0.010986273528097642 0.645401361709707 0.4797589284973649 0.6925411446589924 0.11967327617787592 0.09522708617240527 0.6475944366291858 0.48387064124614404 0.04583053034825861 0.5245936628846365 0.5234917441746808 0.6409483830700567 
0.3109708084288904 0.30069331525045295 0.365847071624286 0.2583120991425233 0.3110247887821968 0.1445064604195303 0.11179853703617534 0.37105749943166627 0.17730649631179551 0.39961674593822066 0.274783714940279 0.25749347926421573 0.04752540325898266 0.39325876759493505 0.1863442787960121 0.23955698798880914 0.16904180283471298 0.0981716615352248 0.3741610699320378 0.23760615073249583 0.0011888299530687454 0.25560862951567487 0.13528954681065367 0.21829653979129218 0.36693885153566724 0.14797372822188717 0.3762964251474767 0.2581828374108543 0.006552830805194415 0.3849536345430961 0.2861551806155483 0.4130704496824826 0.07137986585636324 0.0567987846073128 0.38626170764483597 0.28860763711896614 0.02733590332667325 0.3128971352814536 0.3122398890506046 0.38229762788805105 
0.037505661570237304 0.036266110556145766 0.044124194563878144 0.03115458399096793 0.03751217204905935 0.017428679002348034 0.013483831859688088 0.04475261542102251 0.021384635678417332 0.048197097684767674 0.03314119762440442 0.031055851636424454 0.005731958249155255 0.047430272704574415 0.022474667289136694 0.02889256185713077 0.02038784502112293 0.011840317526685096 0.04512693179314244 0.02865727468569639 0.00014338276351284385 0.030828523106339337 0.016317042690621078 0.026328375273328094 0.044255872286531044 0.017846860288963283 0.04538447336254929 0.031138993952833954 0.0007903258050115244 0.04642860469878379 0.034512690805159826 0.049819726066022654 0.00860900450837616 0.006850405039127033 0.046586369176134096 0.03480847742287366 0.00329693691850621 0.03773799258346299 0.037658723230731536 0.04610826824265242 
0.40235750758853217 0.3890597110512092 0.4733605596004726 0.3342236942304956 0.40242735144469616 0.18697336749580687 0.1446533870532287 0.480102204440512 0.2294125300561218 0.5170543135501725 0.35553591421611 0.33316450203312387 0.06149195449899226 0.5088278811965028 0.24110629530968003 0.3099569155689226 0.21871904572161863 0.1270219068172455 0.4841178382469898 0.3074327750551336 0.0015381979398002327 0.33072574113838477 0.17504782887029163 0.282448542708503 0.4747731868698873 0.19145958032763702 0.4868807220258273 0.3340564456439042 0.00847854717858601 0.49808207308733693 0.3702491749554252 0.5344617310943617 0.09235665901591379 0.07349055534864504 0.49977455681472827 0.37342234831909205 0.03536925535155627 0.4048499346916228 0.4039995399016668 0.49464553117119475 
0.49838505362798785 0.48191357511598437 0.5863338534324389 0.4139902714159206 0.49847156657566094 0.23159685113095455 0.17917668914909105 0.5946844743647565 0.28416463950233345 0.6404556567907069 0.44038891366848204 0.4126782900308751 0.07616776240698517 0.6302658856234606 0.2986492650233954 0.3839319288809166 0.2709190241900636 0.15733724025793847 0.5996584883504442 0.3808053713255006 0.0019053077133129382 0.40965748898606563 0.21682513668466133 0.34985834599830495 0.5880836214972704 0.23715375358861843 0.6030807681745154 0.4137831069061862 0.01050205628226595 0.616955458827002 0.4586136742465922 0.662017567685029 0.11439870659408542 0.0910299762718507 0.6190518745203386 0.4625441642888938 0.04381056123648625 0.5014723289789128 0.5004189770592797 0.6126987441022382 
0.3865849771064063 0.3738084580332149 0.4548046889766547 0.32112202890630803 0.3866520830632406 0.17964395749958742 0.13898293251066549 0.4612820593922489 0.22041949263281582 0.4967856351545288 0.341598803714375 0.32010435734892534 0.05908145212623004 0.48888168132458554 0.23165485891174578 0.2978065149755378 0.21014519597207307 0.12204261139119478 0.46514027919395934 0.2953813214987595 0.0014779001363904032 0.3177611965854761 0.168185903431808 0.27137647827455763 0.4561619408491985 0.18395430949297212 0.4677948571308568 0.3209613365126057 0.00814618568092223 0.47855711199625584 0.35573530038411144 0.5135106769044241 0.08873625131360373 0.07060970435786339 0.48018324987281225 0.35878408443563775 0.03398277032855775 0.3889797003473432 0.38816264127871325 0.47525528351556146 
0.7092131753568462 0.6857738898219318 0.834366301687751 0.5891174962419449 0.7093362852332 0.3295675442061595 0.25497247105689946 0.8462494236724463 0.40437269303829276 0.9113828489062941 0.6266833597459966 0.5872505171314684 0.1083884443228219 0.8968825746443042 0.42498464194179064 0.5463437966696334 0.3855238836151631 0.2238944425659021 0.8533275577926 0.5418946347301429 0.002711295861611443 0.5829518490925393 0.3085470612850564 0.4978563194950076 0.83685626112045 0.3374751417724577 0.8581975391921645 0.588822696470763 0.014944663026114233 0.8779415370169648 0.6526176052167039 0.9420659345662786 0.16279194042778836 0.12953770995830705 0.880924783845729 0.6582107812225194 0.06234341704774815 0.7136064378331017 0.7121074942868354 0.8718841359280642 
0.4403926235644142 0.4258377777015993 0.5181076401028808 0.36581807666946997 0.4404690698055699 0.2046480811098916 0.15832756548685242 0.5254865769991712 0.25109904521350374 0.5659317929330661 0.38914495462360266 0.3646587583471771 0.06730482881310756 0.5569277105971334 0.26389822967566456 0.33925734369277616 0.23939469887399717 0.1390293699965142 0.5298818112720637 0.3364945945402251 0.0016836047880154149 0.3619894598044026 0.19159521358870135 0.30914858651661553 0.519653803943652 0.20955837854840353 0.5329058722452471 0.36563501796558784 0.009280029738653685 0.5451660942826322 0.4052490694368414 0.5849847449401312 0.10108719385262824 0.08043766517783756 0.5470185695937383 0.40872220493523265 0.03871273398412789 0.44312066141699885 0.4421898782563744 0.5414046938318008 
0.6782850919945268 0.6558679704607426 0.7979804145807825 0.5634266663658585 0.6784028331712415 0.3151954303835499 0.24385337441014507 0.8093453253983455 0.3867384008475968 0.8716383465403034 0.5993543198106481 0.5616411043632008 0.10366173173765082 0.8577704148612408 0.40645148309703616 0.5225182854199553 0.36871156931401455 0.21413062792645454 0.81611478910779 0.5182631470211129 0.002593058937451598 0.5575298969751373 0.29509162987993426 0.4761452990475214 0.800361789351522 0.3227581854607008 0.8207723954473128 0.5631447225203914 0.014292941089813672 0.8396553771039862 0.6241575985512839 0.9009833732582389 0.15569274532085728 0.12388869886916783 0.8425085274965641 0.6295068616973575 0.059624682446442374 0.6824867686502992 0.6810531925458194 0.8338621332704022 
0.10321767174805736 0.0998063582468178 0.1214322435590882 0.08573915214920082 0.10323558894876367 0.047964696340516706 0.03710825706121458 0.12316169279519588 0.05885170967516706 0.13264110003016616 0.09120642363092783 0.08546743520473107 0.015774668683737426 0.130530754930785 0.06185153744195735 0.07951394111912735 0.056108486210798426 0.03258521398358632 0.12419183232106575 0.07886641770503791 0.0003945973594115277 0.08484181441536433 0.044905411231995734 0.07245715667574225 0.12179462799344531 0.049115554556740944 0.12490060107915665 0.08569624749504244 0.0021750206795561017 0.127774108731421 0.09498084933118658 0.13710666380409958 0.02369246039718622 0.018852696608102473 0.12820828536915746 0.09579487059454919 0.009073354218566117 0.10385705964993754 0.10363890597160305 0.1268925249439711 
0.10457036719646354 0.1011143475110206 0.12302364588749057 0.08686278688052397 0.10458851920692125 0.048593286632519904 0.03759457078613094 0.12477576002264425 0.05962297721550488 0.1343793974480768 0.09240170843072554 0.08658750901215607 0.01598139997468043 0.13224139570655138 0.06266211853488182 0.08055599277961449 0.05684380306719455 0.03301225200812661 0.12581939980505222 0.0798999833964062 0.0003997686643149356 0.08595368929347932 0.04549390876690038 0.0734067272713566 0.12339077946767345 0.04975922715630333 0.12653745716902629 0.08681931994929218 0.0022035249126355523 0.12944862291468054 0.09622559899856578 0.13890348364059674 0.02400295648567623 0.019099766285804662 0.12988848955444596 0.09705028823030248 0.009192262974648016 0.10521813444937918 0.10499712180820685 0.12855548573374215 
0.6061991515298085 0.586164448992619 0.713173643303631 0.5035475069869411 0.6063043795559984 0.28169748195810645 0.21793742839080926 0.7233307282464241 0.34563709747537824 0.7790034490656927 0.5356568859070135 0.5019517087248384 0.09264489897705376 0.7666093562033527 0.3632551372564205 0.4669867361362309 0.32952609915121556 0.19137351903734498 0.7293807553005498 0.463183820050555 0.0023174770407052223 0.498277427128764 0.2637302481921685 0.42554212040656714 0.7153019332845472 0.28845649194536055 0.7335433663390384 0.5032955272192616 0.012773933650867412 0.7504195259269903 0.5578241525994267 0.8052297814854765 0.13914622512978925 0.11072220962100622 0.7529694527462306 0.5626049134015316 0.05328796450911719 0.6099542876131361 0.6086730673291496 0.7452419692653849 
0.29858058234564255 0.2887125824720373 0.3512703724407817 0.2480199906176613 0.2986324119222092 0.13874878906724544 0.10734407021128903 0.35627319755114345 0.17024195032939005 0.38369453814694304 0.2638353163773852 0.24723398758020682 0.04563181558092583 0.3775898851543671 0.17891963416371592 0.23001215239475703 0.16230655277949488 0.09426013978327982 0.35925311033470486 0.2281390437033192 0.0011414625748653764 0.2454242372103998 0.1298991113541775 0.20959879901340397 0.3523186518062323 0.1420779081083748 0.3613033851079601 0.24789587915102007 0.006291741812398502 0.369615659291803 0.2747537008411854 0.3966121966209411 0.0685358282432492 0.054535711150052166 0.3708716139276783 0.27710844241537824 0.026246739928608705 0.3004301572183846 0.2997990981059785 0.3670654777561667 
0.12414993249975473 0.12004681397613462 0.1460583695198329 0.10312681706182567 0.1241714832596256 0.0576918052131752 0.044633709822272216 0.14813854631793588 0.07078667499400039 0.15954035134248487 0.10970283620582479 0.10279999666621262 0.018973728230106637 0.15700203404465943 0.07439485960474186 0.09563915030775652 0.0674871333344636 0.039193406013136936 0.14937759531445113 0.09486031092114997 0.0004746206217003208 0.10204750169655363 0.05401210547486433 0.08715126933278124 0.14649424452362303 0.059076054319372615 0.15023010043285476 0.10307521146147179 0.0026161089082843304 0.15368634755628263 0.11424270508657469 0.1649115192027754 0.028497226388165854 0.022675971775911793 0.15420857402540433 0.11522180762965965 0.01091340557003553 0.12491898651458798 0.1246565918685829 0.15262598099451852 
0.6963846679239762 0.6733693607627779 0.8192739787094703 0.5784613233986091 0.6965055509438378 0.3236062058703987 0.2503604357002736 0.8309421544354054 0.39705825179757376 0.8948974224398415 0.6153476818174072 0.5766281148894524 0.10642787448014672 0.8806594344446782 0.41729736422693053 0.536461330156018 0.378550386536492 0.2198445579607694 0.8378922566755457 0.5320926462857373 0.002662252949942619 0.5724072027309905 0.30296594913623887 0.4888509122111829 0.8217188988448185 0.3313707679183503 0.8426741480695193 0.5781718560735623 0.014674338492710324 0.8620610092368928 0.6408128191661179 0.9250255012187787 0.15984730024010652 0.12719458445982634 0.8649902940053815 0.6463048237576716 0.06121572650733322 0.7006984634609679 0.6992266333540635 0.8561131766354273 
0.2611068165544771 0.2524773135489054 0.30718370222663127 0.21689190128607141 0.26115214118890023 0.12133493186170617 0.09387170534895634 0.31155864090510565 0.14887550069506778 0.3355384285134534 0.2307223028796792 0.21620454663862712 0.03990473193646516 0.33019994837338834 0.15646407990958663 0.2011441615152129 0.14193604610605917 0.08242989156709772 0.3141645556448157 0.19950613990094837 0.0009982017477417667 0.21462193147287742 0.11359594509625956 0.1832928140674526 0.30810041585155046 0.12424622524834013 0.3159575078686375 0.2167833665993948 0.005502088120775091 0.3232265386723845 0.2402703605157934 0.34683483853109837 0.05993414505369083 0.047691131871531206 0.324324862997878 0.24232956701681835 0.02295260681003999 0.2627242579942616 0.26217240082189086 0.32099642117051963 
