1 0.5507979025745755 0.7081478226181048
1 0.8929469543476547 0.8962930889334381
1 0.6491440476147607 0.2784872826479753
1 0.6762549019801313 0.5908628174163508
1 0.28352508177131874 0.6931379183129963
1 0.4404537176707395 0.15686773847496327
1 0.5446490180318447 0.780314764511367
-1 0.2909047389129443 0.510827605197663
-1 0.12558531046383625 0.20724287813818676
-1 0.05146720330082988 0.44080984365063647
-1 0.029876210878566956 0.4568332243947111
-1 0.023981882377165364 0.558854087990882
-1 0.2592524469074654 0.41510119701006964
