1 0.29680050157622195 0.18772122866125163
1 0.4413092228959531 0.1583098677126512
1 0.4142350190810513 0.29607993273364797
1 0.5999291966249876 0.26581911753550724
1 0.2846858806413638 0.2535882057737875
1 0.3275639476887341 0.14416430065342045
1 0.024306561629486967 0.20455554637995066
1 0.02293309243908148 0.577662858129756
1 0.001642172716045276 0.5154726119053935
1 0.0022142125324435824 0.4694883717575773
1 0.029111563672717722 0.08652568840220509
1 0.11145381237802332 0.25124511169054764
1 0.3610484184638091 0.03550903176033027
1 0.05114280310134711 0.18866773579310792
1 0.3654777679121648 0.24429086695790836
1 0.10082727286264515 0.3834090660671152
1 0.3715126153280073 0.01236941160035765
1 0.5147379670006791 0.44660782792231324
-1 0.22199317108973948 0.8707323061773764
-1 0.20671915533942642 0.9186109079379216
-1 0.48841118879482914 0.6117438629026457
-1 0.7659078564803156 0.5184179878729432
-1 0.08074126876487486 0.73844029619897
-1 0.8799370312012789 0.27408646199222464
-1 0.6287879088794833 0.579837810189545
-1 0.1656128612012676 0.9639305290679419
-1 0.9602267152856938 0.18841465559593518
-1 0.6998436141265575 0.7795145855555298
-1 0.6397951761308571 0.9856244028041888
-1 0.25909759641110575 0.8024968852628702
-1 0.8704830870014831 0.9227496139456699
-1 0.9814687376060105 0.3989448039028505
-1 0.8137324775869181 0.5464564979724778
-1 0.7708540871402245 0.484931074988458
-1 0.964915292526365 0.6317660527377454
-1 0.8166602026153619 0.5660819960927563
-1 0.6353562055818931 0.8119023911804106
-1 0.9266826152438743 0.9126267637037832
-1 0.8248107204385254 0.09420273217732267
-1 0.5463583485408069 0.7961427208560042
-1 0.795087472921032 0.3520949357663685
-1 0.6388776820603653 0.4934150518967597
-1 0.5834997437200565 0.9392993519648516
-1 0.9435400820158796 0.11169242718357142
-1 0.8435549661102237 0.34602815175595236
-1 0.5103547973392479 0.9611030819651298
-1 0.8597068869881915 0.11111074954036526
-1 0.47833904398678495 0.8499800323861936
-1 0.8004764207505697 0.020391378448150643
-1 0.5726186488077992 0.41138361577937654
